1 37.35293 -121.9768
2 33.94353 -118.40716
3 32.72205 -117.16820
4 33.64603 -117.91933
5 37.32584 -122.01442
6 37.44607 -122.15556
7 37.61635 -122.3861
8 33.69007 -117.87645
9 37.77244 -122.40600
10 37.4432 -122.16014
11 32.70925 -117.17091
12 37.37640 -122.02990
13 33.73822 -118.39785
14 36.97144 -121.55319
15 32.73187 -117.20197
16 37.44390 -122.16135
17 37.36556 -122.03124
18 34.07651 -118.42931
19 37.48635 -122.22903
20 37.76245 -122.41281
21 33.41451 -117.60019
22 37.61418 -122.3896
23 32.73392 -117.15213
24 37.32730 -122.09724
25 37.73134 -122.45265
26 37.42788 -122.16692
27 33.67759 -117.88668
28 37.59132 -122.34753
29 37.39205 -122.07068
30 37.71468 -122.50058
31 34.0453 -118.26372
32 32.73548 -117.15034
33 37.29531 -121.9277
34 37.22230 -121.98431
35 36.55665 -121.92084
36 33.99009 -118.47586
37 34.00646 -118.48816
38 37.77995 -122.39424
39 33.63414 -117.92292
40 37.77016 -122.46950
41 36.96386 -122.02488
42 33.64941 -116.40059
43 33.63795 -117.9719
44 37.76671 -122.42954
45 37.5533 -122.3004
46 37.61466 -122.385
47 33.81206 -117.91900
48 37.22465 -121.98287
49 37.76084 -122.43297
50 37.30663 -122.03204
51 34.04323 -118.26355
52 33.1258 -117.31155
53 33.85202 -117.99679
54 37.66858 -122.46766
55 33.67966 -117.88611
56 36.95576 -121.97176
57 37.33187 -122.02963
58 33.80955 -117.91897
59 37.62772 -122.41042
60 37.76469 -122.42969
61 33.08084 -117.30805
62 36.98777 -121.97202
63 33.74460 -116.30302
64 33.99686 -118.42650
65 32.72035 -117.16589
66 37.74321 -122.42859
67 37.61291 -122.3841
68 34.07291 -118.38971
69 37.77249 -122.50945
70 37.61473 -122.38273
71 37.75133 -122.2011
72 32.70638 -117.16159
73 33.80070 -116.5403
74 37.79341 -122.3971
75 35.25999 -116.06746
76 36.96433 -122.01611
77 34.418 -119.69779
78 33.5196 -117.69887
79 32.76724 -117.21438
80 34.02766 -118.47425
81 37.91067 -121.59071
82 32.70700 -117.15708
83 33.80459 -117.92060
84 37.42949 -122.12258
85 33.68111 -117.88836
86 36.22188 -121.75905
87 33.91683 -118.39523
88 37.39708 -122.1052
89 33.79532 -117.91455
90 33.64125 -117.91831
91 33.80104 -117.90082
92 32.76195 -117.06547
93 32.70856 -117.17052
94 33.1212 -117.31412
95 35.13881 -120.64291
96 32.72370 -117.16802
97 37.77835 -122.38940
98 32.54261 -117.02940
99 33.63718 -117.86071
100 34.10676 -117.53504
101 34.02013 -118.45490
102 37.40851 -122.0791
103 37.78250 -122.40686
104 34.0106 -118.11176
105 38.51317 -121.5083
106 33.9404 -118.39923
107 33.45658 -117.10600
108 32.70379 -117.15859
109 33.63218 -117.64441
110 37.7619 -122.42639
111 37.59957 -122.49942
112 37.38808 -121.98186
113 33.55348 -117.66534
114 32.62446 -116.96615
115 36.59971 -121.8875
116 38.54878 -121.42597
117 37.70468 -121.93357
118 33.7205 -116.38059
119 32.72879 -117.12973
120 33.38818 -117.22893
121 32.75486 -117.20890
122 33.96645 -118.42389
123 32.79996 -117.23960
124 36.5336 -121.85063
125 34.06809 -118.23266
126 34.42767 -119.68723
127 32.70599 -117.15958
128 34.1845 -118.34980
129 34.03195 -118.45617
130 33.0111 -117.27900
131 32.55882 -117.05970
132 37.77192 -122.4039
133 33.15947 -117.35073
134 34.11347 -118.26568
135 35.38376 -119.11091
136 33.51878 -117.09005
137 34.01316 -118.49303
138 32.70036 -117.16970
139 33.86434 -118.26108
140 38.08914 -122.55241
141 33.78502 -117.76148
142 37.38059 -122.11232
143 32.916 -117.12884
144 38.56858 -121.43403
145 37.78968 -122.19708
146 37.79669 -121.9213
147 37.66442 -121.72813
148 33.94282 -118.39903
149 37.23695 -121.77860
150 33.54206 -117.78373
151 37.11304 -121.63793
152 33.48216 -117.72029
153 33.54123 -117.78248
154 34.89126 -116.99896
155 33.80650 -117.91919
156 32.62926 -117.03891
157 37.33168 -122.03073
158 33.50622 -117.74926
159 34.06275 -118.37337
160 37.38794 -121.96358
161 32.71784 -117.22365
162 32.68976 -117.12709
163 33.59120 -117.69838
164 34.0992 -118.25921
165 32.70746 -117.15974
166 33.96065 -118.37983
167 32.76468 -117.22535
168 34.03007 -118.46731
169 33.76154 -118.19716
170 37.31377 -121.79283
171 33.73425 -118.27801
172 33.63165 -117.83439
173 33.65865 -118.00095
174 32.74843 -117.15267
175 34.14483 -118.70050
176 33.7629 -118.19117
177 33.88204 -117.51386
178 34.02081 -118.28123
179 32.67837 -117.17827
180 33.87936 -117.88299
181 33.99048 -118.46495
182 33.7386 -116.41048
183 34.01404 -118.04550
184 33.90257 -118.388
185 33.74622 -118.27921
186 32.7090 -117.17252
187 33.64582 -117.84651
188 37.25147 -121.86369
189 33.42209 -117.62018
190 33.34294 -118.32506
191 33.79292 -118.33369
192 33.94086 -118.4069
193 37.42239 -122.08490
194 34.0174 -118.40595
195 33.42299 -117.60963
196 37.50613 -122.2506
197 33.1597 -117.34758
198 33.67677 -117.88662
199 37.41860 -122.14738
200 34.01015 -118.48549
201 32.73234 -117.14675
202 32.62063 -117.10393
203 37.36645 -121.92633
204 34.04388 -118.45458
205 33.21986 -116.97323
206 33.84862 -118.39529
207 33.8000 -117.92087
208 37.78224 -122.40007
209 37.63094 -122.41874
210 33.50040 -117.66533
211 37.53118 -120.84424
212 37.71417 -122.21084
213 33.44165 -118.49847
214 33.79870 -117.91853
215 32.70949 -117.15298
216 37.80290 -122.44844
217 33.77746 -118.36046
218 34.09002 -118.35420
219 34.04015 -118.23092
220 33.66642 -117.90128
221 37.38269 -122.0784
222 35.36908 -119.0391
223 34.05815 -118.44601
224 33.6507 -117.90877
225 32.97686 -117.25690
226 36.85053 -119.80623
227 36.96924 -122.02462
228 33.84261 -118.26237
229 34.02996 -118.46741
230 36.97325 -122.02625
231 34.59555 -120.14017
232 32.7642 -117.22665
233 37.77081 -122.44117
234 33.68314 -116.23797
235 32.68264 -117.18468
236 33.98729 -118.47174
237 34.03114 -118.68246
238 37.00368 -121.55331
239 33.59961 -117.90058
240 34.72369 -116.16335
241 33.5507 -117.67120
242 37.79294 -122.41228
243 33.54071 -117.78182
244 32.74259 -117.18048
245 33.47660 -117.71876
246 32.71317 -117.16003
247 33.80910 -117.92318
248 33.86140 -118.40418
249 32.70890 -117.15889
250 37.29286 -121.99179
251 33.64638 -117.83608
252 33.97923 -118.46676
253 34.91380 -116.79269
254 33.85237 -118.13788
255 34.0233 -118.40374
256 32.7474 -117.14609
257 32.69680 -117.17000
258 33.90129 -118.39530
259 37.42637 -122.16747
260 37.39163 -122.12369
261 37.31876 -120.49606
262 37.32171 -122.01780
263 37.00450 -121.62723
264 37.21406 -121.98071
265 34.01164 -118.40054
266 36.49786 -121.43083
267 36.97639 -122.02724
268 34.07489 -118.28858
269 33.67043 -117.8276
270 33.94615 -118.4073
271 32.60608 -117.0920
272 33.09595 -117.02036
273 32.70518 -117.15855
274 33.54318 -117.7861
275 36.96167 -122.02422
276 37.3588 -122.08729
277 37.7144 -122.16930
278 33.75977 -118.19213
279 34.0194 -118.28946
280 33.64474 -116.23836
281 33.11653 -117.12021
282 32.69999 -117.16972
283 33.34451 -118.3260
284 35.04286 -120.47629
285 33.79576 -117.91518
286 32.70626 -117.15747
287 32.65491 -117.06490
288 33.34932 -117.23863
289 37.33147 -122.03067
290 37.79485 -122.39790
291 33.77480 -118.37520
292 32.73392 -117.16012
293 37.43162 -122.08724
294 33.64963 -117.74275
295 36.56975 -121.94903
296 33.62897 -117.90624
297 33.78756 -117.85311
298 37.22146 -121.98038
299 32.57950 -117.13270
300 32.68067 -117.17808
301 32.70331 -117.15908
302 33.6760 -117.85316
303 33.64826 -117.83803
304 32.58882 -117.00735
305 33.6076 -117.92501
306 32.64857 -116.96633
307 33.59103 -117.8700
308 33.94044 -117.98305
309 33.67369 -116.2505
310 33.45862 -117.65103
311 33.7642 -118.19895
312 33.80599 -117.91959
313 33.11904 -117.09801
314 34.08848 -118.25095
315 36.56230 -121.95485
316 33.82321 -116.54665
317 32.69166 -117.17930
318 32.54518 -117.03937
319 32.63162 -117.13419
320 33.63916 -117.59333
321 33.7086 -116.26368
322 33.81825 -118.14473
323 38.36959 -121.96090
324 33.67911 -117.86127
325 33.74914 -118.12111
326 33.4353 -117.61884
327 33.53525 -117.77787
328 33.81121 -117.92020
329 33.7907 -118.097
330 32.72794 -117.21764
331 33.61436 -117.87615
332 37.7275 -122.47692
333 37.12178 -121.64772
334 33.56235 -117.66960
335 33.68537 -117.89188
336 36.98170 -122.0228
337 33.69062 -117.91631
338 32.55576 -117.05458
339 32.68676 -117.17928
340 32.76963 -115.53470
341 32.64670 -116.9678
342 33.52142 -117.16427
343 37.79256 -122.40652
344 32.71158 -117.16014
345 32.73186 -117.25656
346 37.28731 -121.9472
347 33.49951 -117.66337
348 33.65047 -117.74462
349 36.97603 -121.96370
350 37.56372 -122.32305
351 37.49143 -122.24055
352 33.4617 -117.68561
353 33.89900 -118.37340
354 36.79835 -121.78351
355 33.7213 -117.8275
356 33.98284 -117.37270
357 32.71596 -117.1643
358 32.77032 -117.14309
359 37.22319 -121.98140
360 33.64419 -117.93209
361 33.83890 -116.54318
362 33.81853 -118.17605
363 37.32991 -121.90240
364 36.53645 -121.91143
365 32.7163 -117.16003
366 37.72865 -122.19855
367 32.73586 -117.21297
368 34.2682 -119.27305
369 33.94179 -118.40193
370 34.07228 -117.88079
371 32.98392 -117.27017
372 33.84291 -117.99908
373 32.75063 -117.17182
374 33.75484 -118.11884
375 33.83256 -117.9403
376 33.78706 -117.91634
377 37.67383 -122.46240
378 33.81787 -117.88741
379 37.60924 -122.39058
380 35.62601 -120.69065
381 37.78647 -122.40356
382 37.7861 -122.40211
383 37.78582 -122.40651
384 37.44305 -122.16473
385 37.76298 -122.43511
386 37.75241 -122.41630
387 37.41008 -122.05937
388 37.39301 -122.08023
389 37.42235 -122.08804
390 37.33133 -121.89026
391 37.33231 -121.88975
392 33.76405 -118.20488
393 37.45974 -122.14222
394 33.80539 -117.92027
395 33.59601 -117.87080
396 33.99085 -117.92615
397 32.82310 -117.10331
398 37.0002 -121.55465
399 33.65689 -117.7723
400 37.55906 -122.30147
401 32.70754 -117.16015
402 36.96973 -122.02757
403 37.33042 -121.88839
404 37.42844 -122.14980
405 37.76434 -122.43817
406 33.80475 -117.92124
407 32.71367 -117.16270
408 37.78202 -122.43295
409 37.4381 -122.16020
410 33.65030 -117.83831
411 33.80571 -117.92175
412 34.00375 -118.39345
413 37.4473 -122.16030
414 33.53253 -117.77613
415 33.54124 -117.78280
416 37.76262 -122.40056
417 37.42028 -122.0855
418 33.46122 -117.70647
419 36.62921 -121.93013
420 38.54436 -121.74037
421 37.38709 -122.06364
422 34.02307 -118.39492
423 36.96067 -122.00220
424 37.45018 -122.1856
425 37.22836 -121.9811
426 37.764 -122.43216
427 33.06866 -117.2647
428 37.76355 -122.41450
429 34.14966 -118.43884
430 37.24903 -121.85936
431 37.3249 -122.00792
432 37.4157 -122.15255
433 36.99152 -122.16541
434 37.37625 -122.03094
435 37.33531 -121.89810
436 36.96437 -122.01766
437 37.29249 -121.99129
438 32.86941 -117.2149
439 37.70503 -121.86693
440 37.33113 -122.03177
441 36.98089 -122.01591
442 37.28886 -121.9900
443 37.61459 -122.39042
444 37.75268 -122.40954
445 37.41789 -122.02553
446 37.32844 -122.00612
447 36.97521 -122.02661
448 33.80635 -117.91239
449 38.56719 -121.48686
450 37.37529 -122.06158
451 37.41852 -122.08382
452 37.28716 -121.9437
453 37.32421 -121.94563
454 33.81249 -117.9163
455 34.18054 -118.49358
456 37.78431 -122.40839
457 37.44752 -122.15996
458 37.77439 -122.4376
459 33.7641 -118.19461
460 37.77581 -122.40903
461 37.79437 -122.42125
462 37.73398 -122.43412
463 37.77073 -122.41627
464 34.59521 -120.14120
465 37.3695 -121.92956
466 37.54869 -122.27509
467 37.39300 -122.08067
468 33.85400 -118.13536
469 34.41985 -119.69972
470 32.77911 -117.21112
471 37.75122 -122.41826
472 32.71465 -117.16012
473 34.02719 -118.47220
474 37.3518 -121.98157
475 37.25678 -122.37091
476 37.08007 -122.08767
477 37.42661 -122.17277
478 32.7105 -117.23690
479 37.79536 -122.40315
480 37.6139 -122.38919
481 37.45305 -122.11346
482 37.786 -122.40300
483 33.95328 -118.38560
484 37.32630 -122.03173
485 37.28514 -121.97972
486 37.4438 -122.16153
487 37.7635 -122.39098
488 35.12248 -120.63383
489 36.80300 -121.78770
490 33.80167 -117.91516
491 37.77907 -122.41451
492 38.50242 -123.00555
493 37.44407 -122.16307
494 33.71614 -117.97098
495 32.67529 -117.09147
496 32.66721 -117.2397
497 34.07206 -118.35785
498 33.80927 -117.92538
499 32.59167 -116.99598
500 37.79273 -122.3924
501 37.78739 -122.39877
502 38.43770 -122.72096
503 33.81692 -118.38720
504 33.57914 -117.66962
505 32.72867 -117.21048
506 33.02128 -117.28201
507 37.39405 -122.07610
508 37.76958 -122.43270
509 32.70 -117.15893
510 34.23333 -119.17817
511 34.11658 -118.1465
512 37.72158 -122.44745
513 34.00807 -118.49057
514 37.77203 -122.42985
515 37.58929 -122.33909
516 32.73019 -117.19659
517 37.45009 -122.16585
518 33.74625 -117.8696
519 33.80776 -117.92254
520 33.65822 -118.00287
521 33.65696 -118.00150
522 34.04664 -118.44742
523 37.78322 -122.40374
524 36.59857 -121.89290
525 33.01225 -117.03608
526 33.63079 -117.91209
527 32.91641 -117.11941
528 32.67421 -117.24116
529 33.5569 -117.66867
530 32.71038 -117.16013
531 37.31968 -121.94852
532 37.33080 -121.88901
533 37.35178 -122.0136
534 36.99381 -121.92772
535 33.84940 -118.37800
536 32.63122 -117.14020
537 33.46330 -117.69487
538 32.6831 -117.17861
539 37.7764 -122.39432
540 32.71896 -117.22134
541 32.75305 -117.25259
542 33.66608 -117.90341
543 32.73787 -117.1602
544 38.55427 -121.42826
545 32.71434 -117.14027
546 32.70519 -117.16070
547 40.77012 -124.2226
548 37.78477 -122.44562
549 36.58337 -121.89566
550 33.74124 -118.10497
551 37.41918 -122.21220
552 37.25745 -122.03409
553 37.50251 -122.47578
554 37.61805 -122.38681
555 36.99127 -121.9557
556 37.6952 -121.92892
557 37.78191 -122.23814
558 37.76255 -122.39605
559 37.54404 -122.2917
560 36.96480 -122.04141
561 33.76615 -118.18959
562 37.45351 -122.18237
563 37.56485 -122.32281
564 33.80505 -117.92428
565 37.38954 -122.16335
566 35.57735 -120.72305
567 33.80865 -117.9270
568 33.67553 -117.86184
569 34.19611 -118.3539
570 37.41475 -122.15190
571 37.26934 -121.95676
572 37.27667 -121.8034
573 32.65377 -117.07589
574 37.31681 -121.94888
575 34.05964 -118.34549
576 34.90214 -116.88978
577 32.74221 -117.21206
578 37.76643 -122.42791
579 37.76309 -122.41097
580 32.76790 -117.16621
581 37.7591 -122.38839
582 37.62094 -122.39089
583 37.75529 -122.42320
584 37.44846 -122.15854
585 37.54442 -122.29077
586 33.99161 -118.4695
587 32.73642 -117.16000
588 33.65781 -118.00126
589 37.75260 -122.41844
590 37.76700 -122.40702
591 37.78712 -122.43992
592 33.94618 -118.40118
593 37.45408 -122.18665
594 37.4212 -122.21217
595 33.94579 -118.40379
596 33.50450 -117.15141
597 34.09759 -118.32809
598 37.34047 -122.05940
599 33.94105 -118.39962
600 37.3198 -121.94819
601 37.75176 -122.42907
602 36.61722 -121.90123
603 37.76392 -122.46899
604 37.25702 -122.03444
605 33.76488 -118.19256
606 37.46280 -122.16375
607 37.77524 -122.41041
608 36.6179 -121.90195
609 37.39176 -122.08027
610 39.18838 -120.23204
611 37.4157 -122.02537
612 34.0470 -118.25653
613 37.75276 -122.40833
614 34.16630 -118.58936
615 37.76264 -122.4660
616 34.0500 -118.25702
617 37.75257 -122.41423
618 34.10378 -118.2916
619 37.44704 -122.16321
620 36.93850 -121.77107
621 37.77002 -122.42215
622 37.4171 -122.02513
623 37.76488 -122.42260
624 33.79026 -118.32853
625 32.80881 -117.25773
626 37.7517 -122.43883
627 32.75052 -117.12882
628 32.76247 -117.16812
629 33.99116 -118.46687
630 37.7480 -122.45912
631 36.97062 -122.02653
632 37.38681 -122.06770
633 37.78903 -122.40964
634 37.79166 -122.4278
635 33.60088 -117.89955
636 36.97210 -122.02637
637 37.61753 -122.3882
638 37.51774 -122.51275
639 34.14309 -118.1314
640 37.76991 -122.46150
641 37.75258 -122.41072
642 33.74538 -117.927
643 37.78223 -122.40723
644 33.94608 -118.40405
645 33.67332 -117.87590
646 37.6281 -122.40114
647 37.42402 -122.22169
648 37.42549 -122.14557
649 33.88452 -118.41116
650 36.8060 -119.70115
651 37.37691 -122.06258
652 37.6059 -122.06489
653 37.41126 -122.07127
654 34.05886 -117.59091
655 32.66915 -117.02256
656 37.4520 -122.18043
657 37.32253 -122.03744
658 37.44489 -122.16119
659 37.61578 -122.39094
660 32.732 -117.19773
661 32.68603 -117.19394
662 37.79064 -122.40557
663 33.51440 -117.75741
664 37.39297 -122.02930
665 37.44673 -122.16364
666 37.72740 -122.20073
667 33.12513 -117.31408
668 37.42357 -122.19769
669 33.77579 -117.86953
670 36.95626 -121.97762
671 34.16635 -118.59053
672 34.07427 -118.37690
673 34.07744 -118.47449
674 33.84529 -116.54451
675 37.75206 -122.4206
676 32.79030 -117.25358
677 34.07202 -118.35826
678 37.59378 -121.88851
679 37.75698 -122.24979
680 35.12261 -120.63324
681 38.25067 -122.63139
682 37.22151 -121.98104
683 33.65790 -117.76704
684 37.33415 -121.88888
685 37.75199 -122.42094
686 37.77433 -122.42400
687 37.48057 -122.22766
688 37.30655 -121.81180
689 37.3370 -122.00271
690 36.99629 -121.58409
691 37.77553 -122.40928
692 37.61167 -122.38994
693 37.44391 -122.17018
694 37.58541 -122.36483
695 37.25961 -121.96265
696 36.58753 -121.85058
697 35.26620 -116.07331
698 37.75202 -122.48428
699 37.43495 -121.90101
700 37.39397 -122.07978
701 37.44241 -122.17232
702 37.77858 -122.40999
703 37.61309 -122.38978
704 37.25179 -121.91001
705 37.3246 -121.9445
706 37.61803 -122.38645
707 37.31219 -122.03198
708 37.43099 -122.18708
709 37.77139 -122.41334
710 37.79846 -122.44951
711 36.57962 -121.75465
712 34.01403 -118.49794
713 32.68431 -117.18721
714 32.71655 -117.16008
715 34.06264 -118.44790
716 37.74281 -122.42127
717 34.41746 -119.69663
718 32.76751 -117.16607
719 32.7082 -117.16002
720 37.78795 -122.40753
721 37.78208 -122.40061
722 37.40172 -122.10865
723 37.78752 -122.41381
724 37.41631 -122.15211
725 34.0454 -118.56473
726 37.25106 -121.8615
727 35.61088 -121.14299
728 37.34367 -122.21978
729 37.81131 -122.26707
730 37.25136 -121.82805
731 37.29465 -121.9950
732 37.32374 -122.01743
733 33.98701 -118.47287
734 34.04024 -118.42980
735 37.02218 -121.56403
736 33.98340 -118.45957
737 37.34838 -121.90451
738 37.37189 -122.05754
739 37.41626 -122.15141
740 33.76972 -116.69707
741 34.03592 -118.44530
742 32.71176 -117.15646
743 32.71152 -117.155
744 32.79194 -117.25343
745 37.32363 -121.98893
746 37.61140 -122.38999
747 37.33269 -121.88945
748 37.31386 -122.03249
749 34.05152 -118.41109
750 33.94218 -118.39736
751 37.76066 -122.43717
752 37.80143 -122.40945
753 32.72345 -117.16844
754 37.76064 -122.44984
755 33.86003 -118.09055
756 37.44417 -122.16161
757 36.66590 -121.61205
758 37.67396 -122.46427
759 36.95928 -122.01879
760 37.5645 -122.32010
761 37.75903 -122.42115
762 37.75276 -122.40912
763 37.32092 -121.94831
764 37.50394 -122.48586
765 37.75393 -122.42091
766 37.77649 -122.39205
767 33.80359 -117.90821
768 37.75968 -122.42717
769 37.44360 -122.16070
770 34.10198 -118.34028
771 32.73115 -117.19677
772 32.72790 -117.19213
773 36.55 -121.92397
774 35.35413 -119.14714
775 37.7831 -122.40387
776 37.59918 -122.06881
777 32.77406 -117.23657
778 32.71300 -117.16011
779 34.09290 -118.29155
780 37.40506 -121.97527
781 34.02028 -118.28596
782 33.97815 -118.37053
783 39.41149 -123.3560
784 37.35768 -122.02059
785 37.76472 -122.40265
786 33.9988 -118.48706
787 33.61458 -117.70671
788 37.331 -122.0334
789 33.80578 -117.92008
790 33.6187 -117.70352
791 32.71456 -117.16028
792 36.6168 -121.90104
793 37.28686 -121.9461
794 33.92826 -118.23821
795 37.71247 -122.21415
796 37.40030 -122.01803
797 37.75551 -122.42109
798 37.44494 -122.16137
799 37.41508 -122.08045
800 37.42133 -122.20503
801 32.54273 -117.02896
802 37.78594 -122.41061
803 37.72886 -122.40413
804 37.39061 -121.9746
805 36.5598 -121.92504
806 34.12678 -118.70864
807 37.78162 -122.3939
808 37.78379 -122.4014
809 37.42972 -122.2550
810 33.72104 -116.32779
811 37.42127 -122.08490
812 33.98908 -118.46247
813 34.1016 -118.31824
814 37.78462 -122.40643
815 37.77605 -122.39165
816 32.74753 -117.20484
817 32.71384 -117.17492
818 33.34318 -118.32517
819 37.42369 -122.22172
820 37.44325 -122.16104
821 35.27885 -120.66315
822 37.37155 -121.97864
823 37.77902 -121.97714
824 37.56385 -122.32467
825 34.06717 -118.40112
826 33.58483 -117.84295
827 37.53705 -122.29992
828 37.78730 -122.40329
829 33.97953 -118.46580
830 37.31808 -122.03196
831 37.33271 -121.90118
832 36.47832 -121.72871
833 37.32352 -122.01904
834 33.6533 -117.75074
835 37.80616 -122.44941
836 34.03520 -118.68435
837 37.36020 -121.93485
838 33.77120 -118.19375
839 37.22108 -121.73695
840 37.25662 -122.03518
841 37.78356 -122.39180
842 37.38791 -122.08266
843 33.63737 -117.86067
844 35.28125 -120.66034
845 33.83189 -117.83560
846 34.41768 -118.56335
847 33.99155 -118.46950
848 35.40006 -119.39780
849 37.25059 -121.87543
850 37.78765 -122.16612
851 37.30911 -122.0121
852 37.34665 -121.95199
853 37.41469 -122.09216
854 37.74602 -122.42696
855 32.7086 -117.1608
856 33.75144 -116.37057
857 35.13600 -120.6250
858 34.17721 -119.2170
859 37.44433 -122.15984
860 37.771 -122.41370
861 32.95415 -117.22943
862 34.14888 -118.34265
863 37.78496 -122.40702
864 37.43809 -122.15941
865 37.74671 -122.41878
866 37.77736 -122.39517
867 37.22105 -121.85129
868 37.77315 -122.44034
869 37.59071 -122.01728
870 34.13465 -118.14719
871 37.79792 -122.44272
872 37.32024 -121.95077
873 37.4223 -122.20560
874 32.70894 -117.15911
875 37.76075 -122.42153
876 34.07617 -118.3941
877 33.64447 -117.82908
878 37.38167 -122.0633
879 37.7664 -122.42788
880 37.63895 -122.41925
881 34.03038 -118.3846
882 34.02077 -118.49320
883 37.32407 -121.94771
884 37.29455 -121.92451
885 33.82871 -118.23255
886 37.42266 -122.20383
887 37.27611 -121.82660
888 37.44248 -122.16165
889 37.31938 -121.91360
890 37.79706 -122.39981
891 37.41948 -122.21485
892 37.56358 -122.32450
893 33.81856 -118.38559
894 33.60655 -117.93044
895 37.44432 -122.16194
896 37.42331 -122.19900
897 33.94182 -118.39957
898 37.61335 -122.38494
899 37.42105 -122.21295
900 33.95371 -118.39676
901 34.01844 -118.47100
902 37.44748 -122.15871
903 33.81541 -116.49287
904 37.77960 -122.42069
905 37.30303 -121.75337
906 32.84123 -117.27424
907 37.77200 -122.43120
908 37.22365 -121.98145
909 37.78615 -122.41127
910 37.29290 -121.93071
911 37.32223 -122.03201
912 37.32180 -121.94780
913 37.62244 -122.41124
914 32.60434 -117.04061
915 33.93041 -118.37086
916 37.75524 -122.423
917 33.80477 -118.33535
918 37.32129 -121.94786
919 37.78510 -122.4004
920 33.99579 -118.47659
921 34.04240 -118.42507
922 37.68658 -121.01541
923 37.41437 -121.8940
924 37.6138 -122.38840
925 37.40991 -121.9818
926 36.99642 -121.58549
927 33.99979 -118.48173
928 37.02377 -121.56421
929 37.59507 -122.37013
930 35.10550 -120.63027
931 37.423 -122.20344
932 37.86357 -122.31780
933 37.02070 -121.56418
934 37.33012 -121.89452
935 32.6446 -116.99677
936 37.78549 -122.40609
937 32.70758 -117.16013
938 33.70408 -116.273
939 33.81122 -117.91894
940 35.16799 -120.75353
941 37.78613 -122.411
942 33.8112 -117.92082
943 32.70431 -117.16137
944 37.28676 -121.94613
945 34.07716 -118.38584
946 35.28202 -120.66051
947 36.95928 -122.04780
948 37.76438 -122.4326
949 34.055 -118.39749
950 33.60756 -117.70243
951 37.86904 -122.25480
952 37.42719 -122.14406
953 32.84534 -117.24886
954 32.87784 -117.2372
955 32.65254 -116.97049
956 37.76568 -122.42184
957 33.58761 -117.84411
958 37.76084 -122.43594
959 33.80936 -118.02881
960 32.75250 -117.19476
961 37.75663 -122.4191
962 37.76144 -122.42395
963 37.30027 -121.98046
964 36.55428 -121.9203
965 37.31939 -121.86523
966 33.88747 -117.86544
967 37.41273 -122.07812
968 37.42556 -122.15072
969 37.42048 -122.21127
970 34.03987 -118.37073
971 34.07736 -118.26335
972 37.96800 -122.053
973 37.44155 -122.16352
974 36.96345 -122.01715
975 37.32243 -122.01782
976 37.30464 -121.86241
977 37.36524 -121.94823
978 37.71207 -122.21158
979 37.54540 -121.98445
980 37.76502 -122.24183
981 33.83215 -118.31030
982 34.00899 -118.48791
983 32.70946 -117.16097
984 37.76048 -122.41014
985 33.99059 -118.46627
986 38.2349 -122.63885
987 32.68258 -117.17860
988 36.61138 -121.89751
989 35.35491 -119.11132
990 33.75743 -118.11369
991 37.38789 -122.08288
992 34.06239 -118.44528
993 32.73116 -117.15096
994 36.27019 -121.80846
995 32.73346 -117.14855
996 37.314 -121.97710
997 34.03768 -118.25306
998 34.09857 -118.3223
999 37.50971 -122.26099
1000 32.69606 -117.13769
1001 33.61728 -117.88897
1002 37.23644 -121.8042
1003 37.61156 -122.39035
1004 34.02141 -118.40278
1005 37.77670 -122.42320
1006 37.38481 -121.97303
1007 34.09024 -118.39297
1008 37.37740 -122.02990
1009 34.83922 -114.6133
1010 36.96352 -121.99434
1011 37.62890 -122.42196
1012 36.95138 -122.05772
1013 33.7667 -118.18863
1014 33.57018 -116.09083
1015 37.42844 -122.14465
1016 33.76651 -118.18615
1017 37.7634 -122.46625
1018 37.32298 -121.94910
1019 32.72283 -117.22783
1020 37.44333 -122.16117
1021 32.73169 -117.19528
1022 33.80065 -118.09730
1023 37.43105 -122.18222
1024 37.51702 -122.27237
1025 37.45133 -122.18484
1026 37.4480 -122.15875
1027 37.45777 -122.2277
1028 37.32358 -122.02639
1029 37.63744 -122.41683
1030 33.75216 -118.18667
1031 37.70443 -121.88739
1032 37.74873 -122.14549
1033 32.66947 -116.76783
1034 37.7814 -122.39596
1035 37.78399 -122.40239
1036 37.32327 -122.05147
1037 38.28035 -122.41705
1038 37.3283 -121.9373
1039 37.81444 -121.99820
1040 33.67210 -118.02350
1041 34.02042 -118.42199
1042 34.00825 -118.41489
1043 37.42149 -122.20842
1044 33.66207 -117.90151
1045 33.98391 -118.39532
1046 36.96285 -122.02168
1047 33.17914 -117.32469
1048 33.76161 -118.13887
1049 34.00075 -118.39443
1050 34.06147 -118.30882
1051 34.11592 -118.13700
1052 37.78425 -122.40215
1053 37.78979 -122.40223
1054 37.78946 -122.40833
1055 33.73517 -117.81368
1056 32.71514 -117.15738
1057 37.75902 -122.41457
1058 37.25810 -122.03374
1059 37.7278 -122.47704
1060 37.7565 -122.42105
1061 33.56083 -117.67137
1062 37.75071 -122.41836
1063 37.7660 -122.4027
1064 33.93120 -118.39622
1065 37.41407 -121.90176
1066 37.76639 -122.43042
1067 33.92943 -118.39650
1068 32.75376 -117.21292
1069 33.61919 -117.92125
1070 35.35479 -119.06033
1071 33.93596 -118.43852
1072 36.43043 -121.33379
1073 33.87283 -118.37287
1074 36.51653 -121.94017
1075 33.81092 -117.9189
1076 37.6121 -122.38602
1077 37.58029 -122.3466
1078 37.32897 -121.90359
1079 33.61004 -117.92989
1080 34.16696 -118.37552
1081 37.48638 -122.23431
1082 37.27000 -122.01474
1083 32.89729 -117.19289
1084 37.75655 -122.42116
1085 36.96696 -122.0394
1086 32.79650 -117.24146
1087 33.83906 -118.39069
1088 32.54925 -116.93830
1089 37.6731 -122.38708
1090 37.39453 -121.94764
1091 33.80856 -117.9211
1092 37.80233 -122.37336
1093 37.76132 -122.43070
1094 32.75577 -117.22173
1095 33.76349 -118.19238
1096 33.53823 -117.78002
1097 33.54189 -117.7851
1098 33.55795 -117.6695
1099 33.54801 -117.67143
1100 37.96757 -122.07197
1101 33.67331 -117.74105
1102 32.74835 -117.15410
1103 33.57550 -117.72655
1104 36.96011 -122.0201
1105 32.73077 -117.17236
1106 34.09581 -118.37107
1107 37.38477 -122.08141
1108 37.40846 -122.07806
1109 34.0330 -118.48070
1110 33.15052 -117.1810
1111 32.70892 -117.16006
1112 32.99291 -117.27205
1113 32.71805 -117.1627
1114 32.74720 -117.13029
1115 32.71459 -117.15575
1116 32.72123 -117.13104
1117 32.71246 -117.15755
1118 37.75235 -122.41487
1119 32.70919 -117.16043
1120 33.76204 -118.19677
1121 32.69588 -117.16477
1122 33.64586 -117.84446
1123 32.79193 -117.25417
1124 32.64445 -117.09475
1125 33.79354 -118.33442
1126 32.71476 -117.16070
1127 33.67828 -117.8866
1128 37.23356 -121.97881
1129 32.68715 -117.17820
1130 33.99211 -118.47161
1131 33.91766 -118.41688
1132 33.52270 -117.15211
1133 33.46883 -117.13324
1134 32.70351 -117.16468
1135 37.78452 -122.40395
1136 32.71516 -117.17356
1137 33.68561 -116.26837
1138 33.52299 -117.15201
1139 33.61518 -117.87568
1140 37.24678 -121.78297
1141 33.11127 -117.29514
1142 33.45302 -117.10632
1143 33.7209 -117.79493
1144 32.74613 -117.25045
1145 32.54515 -117.04384
1146 33.58283 -117.72854
1147 37.42464 -122.16298
1148 32.68859 -117.15435
1149 32.76716 -117.15404
1150 37.22209 -121.98305
1151 34.25165 -117.19241
1152 37.38687 -122.06806
1153 37.62811 -122.40115
1154 37.75471 -122.42314
1155 37.76489 -122.39782
1156 37.75546 -122.42070
1157 37.44678 -122.16003
1158 37.82831 -122.24966
1159 37.84393 -122.25182
1160 35.37239 -119.00785
1161 33.99774 -117.71457
1162 33.98026 -117.36893
1163 37.78083 -122.42030
1164 33.55801 -117.67095
1165 33.82199 -117.52360
1166 37.74103 -122.42270
1167 32.6024 -117.08229
1168 34.01723 -118.4982
1169 37.53950 -122.31315
1170 34.00859 -118.48925
1171 33.949 -118.4030
1172 37.65902 -120.94952
1173 37.78146 -122.39877
1174 32.74782 -117.13000
1175 37.2884 -121.93237
1176 36.55401 -121.92252
1177 32.70887 -117.15645
1178 32.84896 -117.27063
1179 33.94339 -118.40903
1180 37.76507 -122.41906
1181 37.79225 -122.41065
1182 37.42958 -122.25509
1183 37.75091 -122.41640
1184 35.28051 -120.66160
1185 37.77719 -122.39267
1186 37.35513 -122.01771
1187 36.97237 -121.9522
1188 37.48601 -122.22635
1189 34.09483 -117.72047
1190 37.74646 -122.41930
1191 37.42381 -122.1722
1192 34.07832 -118.26304
1193 37.77938 -122.39029
1194 32.72183 -117.13000
1195 32.79793 -117.25076
1196 32.71568 -117.1433
1197 33.83175 -118.26889
1198 33.8402 -117.94397
1199 33.59100 -117.73008
1200 33.9572 -117.33021
1201 32.71198 -117.15747
1202 33.84564 -118.09538
1203 33.53316 -117.05417
1204 33.97879 -118.46731
1205 37.77392 -122.39967
1206 37.77115 -122.41827
1207 33.8620 -118.40134
1208 32.84615 -117.27590
1209 33.60182 -117.89919
1210 37.33081 -121.88820
1211 33.50093 -117.66400
1212 37.4011 -122.10630
1213 37.42478 -122.14479
1214 37.61303 -122.38530
1215 33.79999 -117.91843
1216 33.61974 -117.9230
1217 33.88529 -118.40891
1218 34.07904 -118.36145
1219 32.70709 -117.1632
1220 36.5990 -121.89482
1221 37.80857 -122.40995
1222 33.94179 -118.3995
1223 32.62908 -117.04605
1224 37.61445 -122.39004
1225 37.42828 -122.14313
1226 32.70835 -117.16122
1227 37.71521 -120.94854
1228 37.77584 -122.46734
1229 33.77138 -117.86840
1230 33.59493 -117.6788
1231 33.67909 -117.92010
1232 37.40967 -122.00222
1233 33.90046 -118.37745
1234 33.18078 -117.33049
1235 36.60446 -121.89480
1236 34.01486 -118.49703
1237 32.58320 -117.10115
1238 32.77306 -117.13181
1239 37.80214 -122.41785
1240 32.81177 -117.11616
1241 33.07664 -117.31020
1242 33.54088 -117.78222
1243 34.03406 -118.49276
1244 32.72700 -117.19758
1245 33.69309 -117.88274
1246 37.57987 -122.34667
1247 37.73314 -122.43391
1248 32.89849 -117.24254
1249 37.2543 -121.79806
1250 32.62876 -117.08893
1251 37.66760 -122.46866
1252 38.35168 -121.98521
1253 32.71189 -117.16126
1254 37.44433 -122.16162
1255 32.65609 -117.06552
1256 37.38333 -121.89423
1257 33.81777 -118.14551
1258 34.05953 -118.4479
1259 33.80584 -117.92145
1260 33.84982 -117.99697
1261 33.61716 -117.87643
1262 33.74301 -118.10083
1263 37.59843 -122.50211
1264 34.12916 -117.88162
1265 37.64120 -120.99683
1266 35.12456 -118.46963
1267 33.42547 -117.61578
1268 33.50918 -117.75323
1269 33.67705 -116.24989
1270 37.20141 -121.8281
1271 33.59665 -117.67732
1272 33.67709 -117.88603
1273 37.3197 -121.97471
1274 37.22506 -121.98233
1275 33.72220 -116.394
1276 33.7485 -117.83113
1277 33.0556 -117.24666
1278 33.76720 -118.19452
1279 36.63663 -121.66811
1280 32.97983 -117.25754
1281 34.14174 -117.93685
1282 32.59379 -117.06542
1283 37.78271 -122.46996
1284 37.89143 -122.24659
1285 33.95047 -118.11406
1286 33.5914 -117.23773
1287 37.23982 -121.85093
1288 33.77483 -117.91742
1289 38.26026 -122.05375
1290 34.19594 -118.35455
1291 38.5519 -121.36135
1292 33.5445 -117.79046
1293 33.49266 -117.69753
1294 33.60566 -117.88934
1295 32.78308 -117.11967
1296 37.8374 -122.47877
1297 37.46749 -122.43056
1298 34.07341 -118.24021
1299 32.62287 -116.96446
1300 37.79488 -122.39270
1301 37.46147 -122.15927
1302 35.46707 -120.66982
1303 33.73251 -118.27700
1304 33.80104 -118.0032
1305 37.70561 -121.88720
1306 33.63664 -117.74069
1307 32.71361 -117.16009
1308 37.61566 -122.3932
1309 33.71128 -118.06450
1310 37.78605 -122.40526
1311 33.80010 -117.88291
1312 33.57600 -117.12991
1313 34.00933 -117.96399
1314 32.66550 -115.49822
1315 33.9274 -118.39624
1316 33.61000 -117.70710
1317 36.55920 -119.62132
1318 37.70162 -121.93542
1319 37.32942 -121.9001
1320 33.81975 -117.92069
1321 32.77429 -117.02408
1322 34.07617 -118.34553
1323 33.95487 -118.37702
1324 37.68450 -122.4690
1325 37.85974 -122.31628
1326 33.59842 -117.87165
1327 35.35380 -118.95623
1328 37.22295 -121.90750
1329 37.6764 -120.99369
1330 37.39614 -121.97257
1331 32.85795 -117.25729
1332 37.04005 -122.06316
1333 33.52404 -117.76486
1334 36.61606 -121.91714
1335 32.86982 -117.21315
1336 33.64737 -117.72204
1337 33.76299 -118.19399
1338 37.74129 -122.39984
1339 32.7547 -117.21592
1340 34.00122 -118.80644
1341 36.66713 -121.81036
1342 38.25830 -122.03366
1343 33.84358 -117.99843
1344 38.40605 -121.42021
1345 33.82961 -118.0865
1346 32.65568 -117.09847
1347 32.84934 -117.271
1348 33.92432 -118.25144
1349 34.05869 -118.45922
1350 38.55780 -121.34728
1351 33.74541 -117.9712
1352 32.7107 -117.1592
1353 32.72438 -117.22987
1354 37.24991 -121.83301
1355 33.71099 -117.9899
1356 34.10365 -117.68481
1357 37.42370 -122.17084
1358 37.56266 -122.32151
1359 34.04461 -118.56544
1360 33.63788 -117.75042
1361 33.12443 -117.10244
1362 33.56052 -117.66580
1363 40.57232 -122.30527
1364 33.81832 -118.1444
1365 36.58486 -121.89872
1366 33.18830 -117.25438
1367 33.90082 -118.38140
1368 32.87529 -117.23336
1369 32.6919 -117.10351
1370 32.70437 -117.16360
1371 36.78019 -119.7702
1372 37.75678 -122.41298
1373 37.70669 -122.4206
1374 33.94539 -118.38519
1375 37.68890 -122.06511
1376 33.96711 -118.16460
1377 34.06040 -118.2811
1378 32.62166 -117.07198
1379 33.43174 -117.63161
1380 36.59590 -121.89043
1381 33.34273 -118.32559
1382 36.95003 -122.05667
1383 33.85867 -117.91954
1384 33.94271 -118.40656
1385 32.72007 -117.17335
1386 32.73261 -117.19
1387 37.23251 -121.97759
1388 36.80710 -119.75632
1389 34.07512 -118.38090
1390 36.35910 -119.33164
1391 33.76149 -118.19684
1392 33.75206 -118.10853
1393 32.87143 -117.21034
1394 34.03707 -118.43407
1395 33.78411 -118.0731
1396 33.77064 -118.31107
1397 32.68437 -117.17881
1398 37.38784 -121.98773
1399 33.94599 -118.39508
1400 32.85696 -116.92713
1401 33.93980 -118.40959
1402 36.97198 -122.02533
1403 32.76293 -117.1585
1404 33.34263 -118.3236
1405 34.4128 -119.85545
1406 32.7084 -117.15847
1407 34.22246 -118.37353
1408 37.39299 -122.07962
1409 37.78491 -122.40506
1410 33.37215 -117.25562
1411 32.76727 -117.14934
1412 33.7526 -118.19016
1413 34.01786 -118.48907
1414 37.32582 -122.01031
1415 37.71022 -121.07783
1416 32.7494 -117.15097
1417 36.51441 -119.55197
1418 33.60610 -117.93097
1419 33.76527 -118.17466
1420 32.59664 -117.08206
1421 33.75994 -118.13380
1422 33.77429 -117.86925
1423 36.77896 -119.70088
1424 36.14144 -120.35850
1425 34.21686 -119.17767
1426 33.69897 -116.21418
1427 37.77145 -122.40214
1428 37.615 -122.38803
1429 34.15846 -118.25749
1430 34.1643 -118.36789
1431 32.7285 -117.21732
1432 33.99662 -118.4575
1433 32.76037 -117.1464
1434 34.04534 -118.26082
1435 34.13130 -118.14761
1436 32.70674 -117.16223
1437 33.67123 -117.78931
1438 32.73600 -117.16024
1439 34.16385 -119.22661
1440 33.60162 -117.90350
1441 33.88883 -118.39471
1442 37.39449 -122.15011
1443 37.78074 -122.46036
1444 33.94335 -118.36824
1445 33.73584 -118.29570
1446 33.89132 -117.56444
1447 37.93642 -122.08988
1448 33.98488 -118.47192
1449 33.90469 -117.47004
1450 33.76021 -118.13476
1451 33.7568 -117.9384
1452 34.18653 -118.53541
1453 34.05554 -118.24981
1454 33.64133 -117.83624
1455 32.67975 -117.17869
1456 37.33686 -121.88918
1457 37.78455 -122.40672
1458 33.95935 -118.4180
1459 36.85229 -121.40202
1460 33.97593 -118.46544
1461 37.55394 -122.25721
1462 37.33467 -121.99922
1463 33.967 -118.4600
1464 33.87470 -117.56330
1465 37.44464 -122.16244
1466 34.02437 -118.46094
1467 34.16634 -118.59129
1468 32.76792 -117.16613
1469 32.71242 -117.16034
1470 37.32214 -122.03282
1471 32.70809 -114.99878
1472 37.84765 -122.2900
1473 32.7486 -117.22898
1474 32.69810 -117.1631
1475 34.16785 -118.57330
1476 34.03912 -118.44166
1477 33.94564 -118.39255
1478 37.45817 -122.13742
1479 37.31969 -121.86833
1480 33.80155 -116.54088
1481 37.39212 -122.07998
1482 34.15249 -118.34601
1483 32.71252 -117.17532
1484 33.81062 -118.15469
1485 37.33116 -121.88672
1486 37.78302 -122.46374
1487 37.28911 -121.88027
1488 34.08979 -118.39308
1489 33.90286 -118.38874
1490 37.75535 -122.41966
1491 37.40449 -121.9768
1492 37.77867 -122.3949
1493 37.77251 -122.44
1494 37.36645 -122.03324
1495 37.37426 -122.02969
1496 34.08381 -118.31966
1497 34.08362 -118.34100
1498 37.38829 -122.03028
1499 38.13761 -122.2342
1500 37.76945 -122.51056
1501 32.77189 -117.25096
1502 33.97387 -118.45346
1503 37.77192 -122.43013
1504 33.52366 -117.15276
1505 33.59266 -117.1237
1506 33.52190 -117.16637
1507 33.47815 -117.11417
1508 38.3505 -121.95267
1509 32.93670 -117.10919
1510 33.65451 -117.77854
1511 33.52072 -117.15519
1512 33.53944 -117.14374
1513 33.52277 -117.15511
1514 33.52427 -117.15776
1515 32.6139 -117.07380
1516 37.78564 -122.4149
1517 33.64413 -117.74313
1518 37.74264 -122.48483
1519 34.127 -118.05445
1520 37.29502 -122.03216
1521 33.7735 -117.9672
1522 37.37887 -122.11787
1523 37.71820 -122.14664
1524 37.38816 -122.08269
1525 37.78580 -122.40106
1526 37.42006 -122.08237
1527 36.98793 -121.38227
1528 37.42337 -122.07094
1529 37.31869 -121.94934
1530 37.42 -122.11337
1531 37.41980 -122.08374
1532 35.2784 -120.66428
1533 37.33037 -121.91967
1534 34.04522 -118.26430
1535 34.13646 -118.35353
1536 33.94552 -118.38381
1537 37.46591 -121.17455
1538 37.56494 -122.32166
1539 33.7408 -118.10525
1540 37.59489 -122.50636
1541 33.99055 -118.46573
1542 33.93460 -118.36828
1543 34.09208 -118.28011
1544 33.88534 -118.40984
1545 34.01215 -118.41776
1546 34.19426 -119.17987
1547 33.6042 -117.8991
1548 32.70843 -117.15907
1549 34.07214 -118.36526
1550 36.34147 -119.28020
1551 37.12496 -122.1274
1552 34.14466 -118.7006
1553 33.72227 -116.32852
1554 32.71257 -117.16073
1555 37.78555 -122.40814
1556 37.32708 -122.01581
1557 37.77614 -122.39401
1558 34.04421 -118.26515
1559 33.80268 -118.3282
1560 37.60950 -122.49690
1561 34.10107 -118.33482
1562 37.79744 -122.40671
1563 37.77098 -122.46893
1564 37.44912 -122.17477
1565 36.96380 -122.00270
1566 37.22140 -121.98095
1567 37.75776 -122.38828
1568 37.44516 -122.16132
1569 33.78864 -118.18976
1570 34.14502 -118.14467
1571 37.44707 -122.16314
1572 37.41441 -122.12597
1573 36.98177 -121.91037
1574 36.97169 -122.02536
1575 37.80008 -122.44041
1576 33.80782 -117.87660
1577 37.32038 -121.89023
1578 37.32799 -122.03242
1579 37.25360 -121.95233
1580 36.973 -122.02870
1581 37.2629 -121.92108
1582 35.26641 -116.07287
1583 33.97953 -118.46660
1584 32.71261 -117.15601
1585 34.10950 -117.82605
1586 36.96736 -122.00763
1587 33.94581 -118.37719
1588 37.54154 -122.28199
1589 34.04009 -118.26972
1590 37.7898 -122.39794
1591 33.9973 -118.47836
1592 34.16477 -118.38032
1593 32.72402 -117.14938
1594 32.76145 -116.92190
1595 33.0915 -117.26405
1596 34.04159 -117.57806
1597 37.78242 -122.39258
1598 37.72679 -122.47701
1599 37.78813 -122.40595
1600 37.6417 -120.99981
1601 37.40941 -122.12246
1602 37.31351 -122.03201
1603 32.7389 -117.21195
1604 34.01353 -118.49407
1605 33.41961 -117.62009
1606 37.79509 -122.43055
1607 37.39021 -122.08109
1608 33.07831 -116.60194
1609 33.61596 -117.91454
1610 37.35056 -121.93657
1611 34.01964 -118.45450
1612 34.09071 -118.3525
1613 37.54464 -122.30561
1614 32.76088 -117.14633
1615 33.58180 -117.84110
1616 33.67404 -117.88866
1617 37.76924 -122.50978
1618 37.81721 -122.29114
1619 34.07003 -118.40031
1620 32.73083 -117.14309
1621 37.31970 -121.97448
1622 37.28536 -121.9700
1623 33.70791 -116.24765
1624 34.10636 -118.28759
1625 36.55504 -121.92918
1626 37.25286 -122.38332
1627 37.37609 -121.92122
1628 37.85352 -122.47852
1629 33.98527 -118.46998
1630 33.8422 -118.26212
1631 35.28125 -120.66072
1632 37.40037 -121.97774
1633 37.61854 -122.38617
1634 37.76435 -122.43123
1635 34.9033 -116.8920
1636 37.33569 -122.01505
1637 33.72200 -116.37550
1638 34.40202 -119.72342
1639 34.06744 -117.8413
1640 34.02637 -117.76116
1641 33.3277 -117.21854
1642 37.254 -121.00753
1643 37.60049 -122.38169
1644 37.44222 -122.15907
1645 33.64178 -117.91865
1646 37.68646 -121.05015
1647 37.37320 -122.06578
1648 37.78594 -122.40495
1649 33.82322 -116.5456
1650 37.43200 -122.20155
1651 37.40384 -122.05543
1652 32.71744 -117.15903
1653 33.99903 -118.48062
1654 37.79164 -122.4208
1655 37.23804 -121.83060
1656 37.79635 -122.4219
1657 37.2562 -122.03520
1658 37.78931 -122.39666
1659 37.43043 -122.16383
1660 37.76017 -122.41884
1661 37.58016 -122.34751
1662 37.32242 -122.03286
1663 37.76803 -122.39257
1664 37.77937 -122.39516
1665 37.40868 -122.07768
1666 36.61606 -121.90014
1667 32.62424 -117.07224
1668 33.80005 -116.38660
1669 33.61426 -117.89378
1670 33.71895 -116.3825
1671 33.72086 -116.39504
1672 35.36433 -120.85273
1673 32.67882 -117.17518
1674 37.33008 -122.02955
1675 37.41952 -122.14455
1676 37.76266 -122.39608
1677 37.77875 -122.3979
1678 34.09810 -118.28615
1679 37.39237 -122.07869
1680 33.93689 -118.39851
1681 37.78310 -122.38871
1682 37.7613 -122.42595
1683 33.98993 -118.46371
1684 37.42211 -122.13796
1685 33.75701 -118.198
1686 37.77557 -122.39340
1687 32.63792 -117.10028
1688 37.76098 -122.4359
1689 37.73896 -122.41403
1690 37.59585 -122.38676
1691 32.73281 -117.17221
1692 37.76696 -122.40653
1693 37.30477 -121.8985
1694 36.9717 -121.95118
1695 37.42711 -122.14919
1696 37.61504 -122.38538
1697 32.71562 -117.16831
1698 37.4023 -122.11024
1699 32.87612 -117.21625
1700 34.04218 -118.26429
1701 33.75942 -118.14802
1702 32.73770 -116.94019
1703 33.90235 -118.38302
1704 33.67196 -117.8455
1705 37.78260 -122.40760
1706 33.88336 -118.41464
1707 33.94085 -118.40487
1708 33.75969 -118.13275
1709 33.65150 -117.74610
1710 34.05472 -118.23314
1711 37.61363 -122.38859
1712 33.64335 -117.92524
1713 37.57738 -122.34602
1714 33.93555 -118.25305
1715 32.71099 -117.23221
1716 37.3187 -121.95015
1717 37.46263 -122.192
1718 36.59426 -121.86440
1719 32.84141 -117.27264
1720 32.71382 -117.16357
1721 37.78723 -122.38972
1722 32.70929 -117.15843
1723 33.82292 -116.5470
1724 37.41918 -122.20888
1725 37.79767 -122.43104
1726 37.64216 -122.10698
1727 37.3909 -122.0947
1728 37.79538 -122.41834
1729 34.42386 -119.70538
1730 37.48626 -122.23862
1731 37.47879 -122.17930
1732 37.40705 -121.93879
1733 33.91680 -117.89975
1734 37.40444 -121.97717
1735 37.4542 -122.18067
1736 37.3642 -121.92184
1737 37.39382 -122.07892
1738 36.83993 -121.39503
1739 34.05760 -118.41550
1740 37.4222 -122.09153
1741 37.41712 -121.89994
1742 37.32130 -122.04747
1743 37.76477 -122.42225
1744 33.99727 -118.42485
1745 37.41632 -121.87862
1746 37.76149 -122.41924
1747 37.78276 -122.41748
1748 33.77312 -118.11775
1749 33.76911 -118.19102
1750 32.7074 -117.16013
1751 33.65274 -117.74551
1752 33.72946 -117.78870
1753 33.60897 -117.9293
1754 32.91440 -117.14774
1755 37.48608 -122.22798
1756 36.54640 -121.92900
1757 34.04818 -118.25807
1758 37.44219 -122.17233
1759 33.53396 -117.77656
1760 37.2503 -121.86311
1761 37.78044 -122.39679
1762 33.81901 -118.3859
1763 37.3889 -121.97462
1764 33.81030 -117.90505
1765 37.36276 -121.92196
1766 33.72271 -118.31034
1767 36.97492 -122.02703
1768 33.77178 -118.17493
1769 33.67812 -117.86252
1770 33.83483 -117.91332
1771 37.22778 -121.98194
1772 33.98165 -117.70260
1773 37.22317 -121.98363
1774 36.9710 -122.02562
1775 34.15471 -118.46714
1776 32.72219 -117.1606
1777 34.01435 -118.28550
1778 34.1527 -118.795
1779 33.6868 -117.78629
1780 36.96703 -122.00807
1781 34.02786 -118.14673
1782 34.08832 -118.34116
1783 32.77053 -117.20163
1784 34.04302 -118.26715
1785 33.6495 -117.83962
1786 33.1582 -117.35111
1787 37.23568 -121.87357
1788 37.25233 -122.38302
1789 33.6182 -117.87522
1790 33.71914 -116.38097
1791 33.63522 -117.60707
1792 33.96946 -117.32901
1793 34.01656 -118.40635
1794 37.44922 -122.16020
1795 33.6905 -117.90635
1796 33.99328 -118.34371
1797 38.59666 -121.40879
1798 37.32326 -122.04117
1799 38.29588 -122.28271
1800 33.67710 -117.98866
1801 36.95299 -121.87809
1802 33.93965 -118.40082
1803 34.01150 -118.48907
1804 37.77994 -122.39004
1805 33.97768 -118.39274
1806 36.78759 -119.75273
1807 34.02597 -118.43152
1808 32.64552 -117.09535
1809 37.78741 -122.40980
1810 34.05942 -118.41762
1811 34.05580 -118.23574
1812 34.03487 -118.16205
1813 33.81375 -117.92044
1814 35.27896 -120.66453
1815 37.28663 -121.9495
1816 33.07098 -117.07044
1817 37.76156 -122.42384
1818 37.75292 -122.40755
1819 34.24526 -117.18466
1820 38.30358 -122.28426
1821 34.1438 -118.39749
1822 34.01932 -118.40529
1823 33.83448 -118.31129
1824 38.57065 -121.49002
1825 36.98116 -121.95606
1826 33.7009 -117.98744
1827 33.83924 -116.54767
1828 37.23036 -121.77428
1829 33.65219 -117.74523
1830 33.8994 -118.41707
1831 38.64382 -121.15926
1832 34.03995 -118.42883
1833 36.61673 -121.90013
1834 33.12798 -117.32568
1835 37.77944 -122.39485
1836 34.21934 -118.5900
1837 33.64356 -117.92300
1838 37.24046 -121.95933
1839 34.1550 -118.46615
1840 37.7263 -122.38650
1841 33.66627 -117.96913
1842 33.61482 -117.87477
1843 33.88764 -118.31409
1844 33.9852 -118.43847
1845 37.79096 -122.40959
1846 38.69303 -121.58953
1847 37.77644 -122.39851
1848 34.04408 -118.26419
1849 34.03557 -118.23288
1850 33.61612 -117.70594
1851 37.29110 -121.87951
1852 34.85125 -117.08206
1853 33.69629 -117.8255
1854 33.68310 -117.8847
1855 34.01335 -118.12314
1856 32.7482 -117.12983
1857 33.72143 -116.36588
1858 33.67980 -117.27147
1859 37.37176 -121.9137
1860 33.82971 -117.9418
1861 33.59293 -117.87696
1862 34.11666 -118.26174
1863 34.17484 -118.84575
1864 34.01569 -118.49600
1865 32.72153 -117.12940
1866 37.275 -121.83861
1867 33.78836 -117.91800
1868 34.04435 -118.45415
1869 37.31903 -121.83099
1870 33.81571 -117.8609
1871 37.7567 -122.41872
1872 38.27492 -122.27554
1873 34.00345 -118.48485
1874 33.75811 -117.95670
1875 33.55580 -117.76029
1876 32.65691 -117.06602
1877 34.05437 -118.46359
1878 37.74662 -122.41897
1879 37.69126 -122.07594
1880 40.58534 -122.34784
1881 32.71919 -117.17339
1882 37.77352 -122.42579
1883 37.32461 -121.94521
1884 37.42092 -122.13742
1885 36.78011 -119.78665
1886 33.80535 -117.91135
1887 33.56513 -117.71118
1888 33.80245 -117.91528
1889 34.03420 -117.07395
1890 36.76845 -119.7967
1891 33.67998 -116.29541
1892 33.59384 -117.86772
1893 37.75229 -122.41902
1894 38.54402 -121.74128
1895 32.73750 -116.93953
1896 32.71554 -117.16251
1897 33.99246 -118.4464
1898 32.93317 -117.09299
1899 33.85838 -118.13207
1900 32.71362 -117.16071
1901 33.02147 -117.08291
1902 33.69589 -117.79803
1903 32.77594 -117.15688
1904 37.76163 -122.4242
1905 33.41952 -117.62028
1906 38.46839 -121.41422
1907 37.80036 -122.41057
1908 34.93006 -120.43640
1909 34.41658 -119.66957
1910 37.78512 -122.43139
1911 33.91359 -117.46230
1912 36.65589 -121.65867
1913 34.15716 -118.43855
1914 34.04287 -118.25550
1915 34.16175 -118.05508
1916 34.04551 -118.26542
1917 33.91524 -117.45737
1918 33.55766 -117.66788
1919 32.72529 -117.22886
1920 36.58330 -121.89639
1921 37.41649 -121.89798
1922 33.89244 -118.36101
1923 37.66427 -122.07584
1924 37.93532 -122.44775
1925 32.57667 -117.09240
1926 35.17862 -120.7327
1927 33.78316 -118.282
1928 33.8059 -117.92228
1929 33.65108 -117.74616
1930 33.92349 -118.15173
1931 36.97848 -121.95257
1932 32.72299 -117.16693
1933 33.94324 -118.41008
1934 36.91720 -121.83881
1935 37.78443 -122.42091
1936 37.63843 -120.92501
1937 32.73032 -117.19149
1938 33.95798 -118.39617
1939 32.71373 -117.16097
1940 37.77354 -122.43905
1941 38.49533 -121.47872
1942 33.41280 -117.60074
1943 39.22589 -120.08312
1944 34.21297 -118.46013
1945 37.55184 -122.06398
1946 33.78446 -117.89263
1947 32.58328 -117.03463
1948 37.8140 -122.2642
1949 37.59271 -122.36195
1950 38.3274 -122.68341
1951 34.4134 -119.85540
1952 33.75404 -118.30867
1953 34.0549 -118.25590
1954 37.80032 -122.40908
1955 32.86585 -117.23262
1956 36.97317 -121.964
1957 33.61530 -117.8746
1958 32.9308 -117.2605
1959 33.88893 -118.39487
1960 37.7895 -122.4037
1961 33.45278 -117.60488
1962 37.62023 -122.38711
1963 37.77508 -121.92325
1964 33.59845 -117.90110
1965 34.01512 -118.4956
1966 37.78422 -122.4032
1967 33.80520 -117.92271
1968 32.71634 -117.1598
1969 32.54459 -117.03861
1970 32.97294 -117.25878
1971 37.4278 -122.14450
1972 37.22315 -121.98220
1973 38.56796 -121.48572
1974 37.79817 -122.42743
1975 33.75857 -118.11247
1976 38.56280 -121.32292
1977 33.80687 -117.91715
1978 37.78795 -122.40397
1979 33.86687 -117.93788
1980 33.04737 -117.25889
1981 34.01426 -118.49455
1982 33.98070 -118.46449
1983 34.07968 -118.07338
1984 33.34543 -116.91738
1985 37.30044 -121.77178
1986 34.17177 -118.56777
1987 37.42463 -122.0805
1988 32.71121 -117.15372
1989 37.31730 -122.03296
1990 32.74852 -117.10083
1991 32.72607 -117.221
1992 33.79202 -118.33115
1993 37.79867 -122.40784
1994 33.74739 -118.27730
1995 37.29797 -120.47580
1996 32.71662 -117.16895
1997 33.77161 -118.37297
1998 36.7254 -119.80382
1999 37.38877 -121.98306
2000 32.73026 -117.21555
2001 33.60319 -117.89996
2002 37.35674 -122.12554
2003 37.52993 -122.26239
2004 34.01334 -118.4658
2005 34.01420 -118.49782
2006 36.61903 -121.93791
2007 33.68004 -116.23681
2008 37.7935 -122.3960
2009 37.79022 -122.40189
2010 34.04521 -118.26531
2011 33.6487 -117.8448
2012 34.14628 -118.10052
2013 36.59807 -121.89456
2014 33.86010 -117.92410
2015 34.09002 -118.14791
2016 37.59035 -122.35951
2017 33.77182 -118.14550
2018 32.71055 -117.16269
2019 36.59766 -121.88633
2020 32.69866 -117.16879
2021 37.78759 -122.40082
2022 37.70161 -121.89940
2023 37.77618 -122.40847
2024 37.63643 -120.99271
2025 37.42187 -122.13784
2026 37.6967 -121.90276
2027 37.78731 -122.40010
2028 32.70755 -117.15770
2029 33.6130 -117.87337
2030 33.69938 -117.94018
2031 32.72197 -117.1641
2032 38.33533 -123.04804
2033 36.55484 -121.92057
2034 32.98209 -117.06102
2035 37.78705 -122.40294
2036 37.42403 -122.14363
2037 37.38054 -122.07180
2038 37.32543 -121.94503
2039 36.60139 -121.89419
2040 37.29132 -121.99427
2041 38.69306 -121.58745
2042 37.33168 -122.03065
2043 33.64316 -117.8419
2044 33.66593 -117.87832
2045 34.09802 -118.35080
2046 37.41448 -122.07707
2047 34.05768 -118.30214
2048 34.04756 -118.46315
2049 34.01702 -118.49556
2050 34.07326 -117.88318
2051 37.77599 -122.40256
2052 37.76809 -122.39318
2053 37.39035 -122.08401
2054 36.73215 -119.7838
2055 36.53626 -121.9273
2056 33.65592 -117.779
2057 33.87099 -118.35503
2058 37.63533 -122.41938
2059 37.2495 -121.86566
2060 37.34899 -121.8947
2061 37.4450 -122.16221
2062 37.83864 -122.29692
2063 36.55691 -121.92028
2064 34.08370 -118.34726
2065 37.79157 -122.39338
2066 34.09780 -118.36350
2067 33.81805 -118.13814
2068 37.314 -121.97763
2069 37.44584 -122.16184
2070 33.89962 -118.38454
2071 34.04006 -118.27040
2072 37.35104 -121.93662
2073 33.46393 -117.58619
2074 33.6737 -117.92170
2075 34.01501 -118.49715
2076 37.3067 -121.97762
2077 32.69501 -117.16603
2078 37.78734 -122.40856
2079 37.57837 -122.34724
2080 33.6322 -117.92354
2081 37.33309 -122.02948
2082 37.75357 -122.41867
2083 33.99357 -118.48137
2084 34.13925 -118.21103
2085 37.5888 -120.98954
2086 34.06384 -118.44425
2087 33.89947 -118.37080
2088 34.5584 -115.73418
2089 37.75534 -122.42118
2090 35.35530 -119.06230
2091 33.78759 -117.91575
2092 37.25933 -120.99969
2093 37.40421 -121.97127
2094 37.83968 -122.28951
2095 33.76751 -118.19281
2096 34.13433 -117.89384
2097 33.94641 -118.38587
2098 38.65190 -121.06268
2099 32.79422 -117.25593
2100 37.73664 -122.47042
2101 37.77905 -122.41752
2102 37.44380 -122.17007
2103 36.76239 -121.75354
2104 32.70864 -117.17141
2105 33.45547 -117.66757
2106 33.46777 -117.69947
2107 34.99196 -117.54215
2108 34.40369 -119.6933
2109 37.86818 -122.29499
2110 36.95167 -122.02625
2111 37.34995 -121.99372
2112 32.7157 -117.16050
2113 34.10019 -118.32934
2114 32.93854 -117.19755
2115 33.69801 -117.82864
2116 34.05783 -118.41871
2117 37.80694 -122.46879
2118 37.53617 -121.92323
2119 34.05465 -118.38364
2120 37.76243 -122.39754
2121 37.44367 -122.16050
2122 37.28716 -121.94494
2123 37.53705 -122.32788
2124 37.76167 -122.43508
2125 37.78604 -122.39736
2126 32.7287 -117.18767
2127 37.42142 -122.08441
2128 37.52912 -122.2875
2129 33.71620 -118.03805
2130 33.59295 -117.87986
2131 32.79992 -117.25878
2132 36.75731 -119.80362
2133 34.43464 -119.92055
2134 34.04399 -118.2676
2135 33.91721 -118.39532
2136 33.57445 -117.84038
2137 38.65524 -121.52575
2138 32.97357 -117.25987
2139 33.64941 -117.99182
2140 38.05008 -122.14746
2141 37.75969 -122.38536
2142 33.03603 -117.23720
2143 38.29368 -122.44912
2144 37.56820 -122.32366
2145 33.94097 -118.39949
2146 32.73448 -117.17663
2147 37.43774 -122.15936
2148 35.25125 -120.68982
2149 33.85680 -118.29709
2150 37.37816 -122.1145
2151 34.39594 -119.71030
2152 33.66872 -117.78536
2153 37.46369 -122.42951
2154 33.9714 -118.4619
2155 33.66661 -117.86585
2156 33.6918 -117.85243
2157 37.02063 -121.56001
2158 37.37365 -121.99452
2159 33.88713 -118.39810
2160 38.95778 -119.94314
2161 33.75012 -118.27424
2162 36.33743 -119.35546
2163 38.2213 -122.1294
2164 34.15412 -118.64399
2165 33.84252 -117.94114
2166 37.32086 -121.94901
2167 37.80777 -122.42075
2168 34.09113 -118.36882
2169 35.27466 -120.66895
2170 34.04186 -117.74902
2171 32.71163 -117.15604
2172 33.12215 -117.32016
2173 32.62172 -116.96556
2174 38.69327 -121.59041
2175 32.69799 -117.16769
2176 34.08775 -118.3794
2177 33.66004 -115.80459
2178 33.59600 -117.5828
2179 36.96223 -122.0256
2180 34.14764 -119.19971
2181 34.17877 -118.30939
2182 33.81821 -118.14397
2183 32.7103 -117.16003
2184 37.32640 -121.94329
2185 33.52499 -117.15399
2186 33.95289 -118.13031
2187 32.70710 -117.00774
2188 33.94607 -118.40162
2189 32.86560 -117.23244
2190 33.85709 -118.29057
2191 33.82061 -116.54659
2192 37.29185 -121.98970
2193 36.95983 -122.0194
2194 37.3409 -121.90784
2195 37.75856 -122.41197
2196 33.9989 -118.08045
2197 32.75849 -117.17522
2198 32.74851 -117.1285
2199 32.84345 -117.27484
2200 34.41003 -119.68574
2201 33.67481 -116.24889
2202 37.3528 -121.93638
2203 38.65705 -121.07055
2204 33.71671 -116.29878
2205 33.53296 -117.77661
2206 33.1022 -116.99589
2207 37.50337 -122.25727
2208 37.65860 -121.89811
2209 33.73906 -118.10608
2210 32.70624 -117.1630
2211 37.65958 -121.87652
2212 32.72452 -117.17466
2213 33.50117 -117.66254
2214 39.32572 -120.21082
2215 33.75638 -117.49380
2216 34.58697 -120.10256
2217 33.88964 -118.30501
2218 37.49914 -122.25214
2219 35.62635 -120.68863
2220 36.5551 -121.92914
2221 33.65743 -117.8627
2222 34.0486 -118.35618
2223 33.77162 -118.16420
2224 32.87807 -117.23467
2225 33.64234 -117.57460
2226 36.2505 -121.78443
2227 33.07832 -117.30850
2228 34.08247 -118.37500
2229 32.79477 -117.25562
2230 34.42774 -119.71008
2231 37.24100 -121.8669
2232 37.32103 -121.94887
2233 37.36787 -122.03648
2234 33.77225 -116.44565
2235 37.29296 -122.03168
2236 32.87160 -117.2110
2237 36.96282 -122.02298
2238 33.80493 -117.90692
2239 33.81408 -118.39057
2240 33.94192 -117.26029
2241 37.23210 -121.97807
2242 33.81785 -116.54636
2243 33.79986 -116.52812
2244 32.7085 -117.16853
2245 34.0081 -118.49201
2246 34.09743 -118.31750
2247 37.77019 -122.41992
2248 37.33980 -121.90701
2249 32.70880 -117.1675
2250 33.63787 -117.75018
2251 32.7209 -117.22903
2252 33.80252 -118.33240
2253 34.01721 -118.49822
2254 37.37942 -122.11702
2255 35.36613 -120.85230
2256 37.7419 -122.42645
2257 32.70941 -117.16723
2258 37.61498 -122.38581
2259 34.13666 -118.35841
2260 38.47673 -122.72818
2261 37.80749 -122.27294
2262 32.71109 -117.16106
2263 37.77425 -122.2767
2264 33.99025 -118.46397
2265 32.86585 -117.25074
2266 33.32983 -116.99152
2267 32.70644 -117.15620
2268 37.0048 -121.62697
2269 37.49084 -122.22821
2270 33.75457 -118.19648
2271 36.73579 -119.79043
2272 35.28057 -120.66397
2273 34.42167 -119.64129
2274 37.3875 -122.08294
2275 37.61389 -122.38594
2276 33.74184 -116.40508
2277 33.66500 -117.86436
2278 37.74512 -122.42017
2279 37.35877 -122.02140
2280 37.3936 -122.08025
2281 37.66355 -122.46836
2282 33.70567 -118.2923
2283 37.67355 -122.08206
2284 34.00126 -118.46965
2285 37.23324 -121.95576
2286 34.04421 -118.26635
2287 32.7983 -117.24665
2288 37.42144 -122.08272
2289 32.70950 -117.15894
2290 38.6750 -121.27208
2291 37.78447 -122.40657
2292 37.76150 -122.42576
2293 38.39717 -122.36447
2294 34.09630 -118.12437
2295 32.74503 -117.15994
2296 33.98472 -118.47052
2297 38.39471 -122.87202
2298 33.93104 -118.41596
2299 37.75479 -122.24989
2300 32.84884 -117.2714
2301 34.03578 -118.13077
2302 34.01073 -118.49041
2303 33.65176 -117.83013
2304 34.09775 -118.36240
2305 32.74907 -117.13004
2306 32.71587 -117.1612
2307 32.80544 -117.17080
2308 34.10137 -118.3412
2309 37.82303 -122.0033
2310 32.72244 -117.16819
2311 37.2686 -121.94995
2312 37.8196 -122.47850
2313 38.32316 -122.31151
2314 34.01543 -118.49892
2315 37.0461 -122.02914
2316 33.72366 -116.39525
2317 33.74080 -116.71881
2318 37.13048 -121.9792
2319 37.0051 -121.62946
2320 37.42081 -122.20938
2321 34.02584 -118.45733
2322 32.7085 -117.15876
2323 33.97987 -118.46543
2324 34.06851 -118.26247
2325 33.86284 -117.87802
2326 33.6981 -117.74097